0.000000000000000000e+00
2.990599797986682670e-02
0.000000000000000000e+00
0.000000000000000000e+00
0.000000000000000000e+00
5.923687991786356216e-02
0.000000000000000000e+00
1.328795670710556931e-01
7.963726183814016923e-02
9.384365049045659268e-02
2.671412677934567603e-01
4.990661722947736800e-01
8.925391780439582146e-01
1.009813387889265224e+00
1.822217097613709758e+00
2.690570896196640582e+00
4.338729847490432334e+00
5.181268545258178371e+00
9.449189054626327078e+00
1.433398404738243848e+01
1.960263436722618735e+01
2.702658931161498401e+01
4.042810210275915495e+01
5.813639677200855260e+01
8.996170631779149574e+01
1.148484393598091060e+02
1.712549975466339731e+02
2.397607958613363337e+02
3.346383943817181716e+02
4.530307287556245797e+02
6.051844429834891343e+02
7.755446760125828405e+02
1.033835020796788740e+03
1.406155652221892296e+03
1.758216950041548671e+03
2.326554168513031073e+03
2.910600154722552816e+03
3.661746059365438668e+03
4.545677394416629795e+03
5.742341075414384250e+03
6.932178063557617861e+03
8.525113871757484958e+03
1.016837261353430404e+04
1.208894268654551888e+04
1.419025642459576557e+04
1.659118402181246711e+04
1.935859394987696578e+04
2.233758240014068360e+04
2.524302400975737328e+04
2.796805012122770859e+04
3.157550103344385207e+04
3.495325457002170151e+04
3.790896860159121570e+04
4.088754223138331145e+04
4.354121754974521900e+04
4.672718453897442669e+04
4.880467518163609202e+04
5.087486935908091255e+04
5.237208287266691332e+04
5.343273490739459521e+04
5.430836930201783980e+04
5.526092877562683861e+04
5.489368991951126372e+04
5.351792460184147785e+04
5.167232826637419930e+04
4.991453758130193455e+04
4.710282240477247979e+04
4.414723727273823170e+04
4.186586080799769115e+04
3.923938084767537657e+04
3.637576301990907814e+04
3.363342295500636101e+04
2.958044648722677448e+04
2.636148832165789645e+04
2.354777208877179146e+04
1.997486234509023780e+04
1.716887386746085758e+04
1.482047788390835194e+04
1.318857480807282627e+04
1.067764369172691295e+04
9.049951726957069695e+03
7.457022313648357340e+03
5.965772343832621118e+03
5.133256315783366517e+03
3.670321903841767835e+03
3.125329770756647122e+03
2.597947530898372861e+03
2.097983595556998353e+03
1.984230273803957061e+03
1.229964935526256340e+03
9.418393403973213935e+02
6.848956475641659836e+02
5.251734649502132015e+02
3.818156398694532641e+02
2.260493927824589093e+02
1.172055000967770013e+02
2.219592764851052635e+01
1.395689073515813732e+02
1.084624196933864084e+02
1.074190573022251449e+01
